2000	1	1	31	2940.0
2000	2	1	29	2450.0
2000	3	1	31	1780.0
2000	4	1	30	1310.0
2000	5	1	31	1880.0
2000	6	1	30	2540.0
2000	7	1	31	2790.0
2000	8	1	31	2730.0
2000	9	1	30	2230.0
2000	10	1	31	1480.0
2000	11	1	30	1670.0
2000	12	1	31	2230.0
2001	1	1	31	1410.0
2001	2	1	28	1790.0
2001	3	1	31	1620.0
2001	4	1	30	1230.0
2001	5	1	31	1770.0
2001	6	1	30	1790.0
2001	7	1	31	1210.0
2001	8	1	31	1780.0
2001	9	1	30	1890.0
2001	10	1	31	1270.0
2001	11	1	30	1370.0
2001	12	1	31	1830.0
2002	1	1	31	1440.0
2002	2	1	28	1310.0
2002	3	1	31	1200.0
2002	4	1	30	1070.0
2002	5	1	31	1720.0
2002	6	1	30	2930.0
2002	7	1	31	3600.0
2002	8	1	31	2650.0
2002	9	1	30	2110.0
2002	10	1	31	1730.0
2002	11	1	30	2160.0
2002	12	1	31	2140.0
2003	1	1	31	1700.0
2003	2	1	28	1020.0
2003	3	1	31	1150.0
2003	4	1	30	1120.0
2003	5	1	31	1430.0
2003	6	1	30	2450.0
2003	7	1	31	2420.0
2003	8	1	31	2490.0
2003	9	1	30	1960.0
2003	10	1	31	1740.0
2003	11	1	30	1820.0
2003	12	1	31	2400.0
2004	1	1	31	1790.0
2004	2	1	29	1310.0
2004	3	1	31	1270.0
2004	4	1	30	1370.0
2004	5	1	31	1740.0
2004	6	1	30	2410.0
2004	7	1	31	2150.0
2004	8	1	31	2190.0
2004	9	1	30	1960.0
2004	10	1	31	1440.0
2004	11	1	30	1840.0
2004	12	1	31	2330.0
2005	1	1	31	2050.0
2005	2	1	28	1590.0
2005	3	1	31	1310.0
2005	4	1	30	1200.0
2005	5	1	31	2010.0
2005	6	1	30	2760.0
2005	7	1	31	3070.0
2005	8	1	31	2590.0
2005	9	1	30	2060.0
2005	10	1	31	1790.0
2005	11	1	30	1580.0
2005	12	1	31	2400.0
2006	1	1	31	1390.0
2006	2	1	28	1190.0
2006	3	1	31	1510.0
2006	4	1	30	1320.0
2006	5	1	31	2390.0
2006	6	1	30	3220.0
2006	7	1	31	2920.0
2006	8	1	31	2610.0
2006	9	1	30	2020.0
2006	10	1	31	1180.0
2006	11	1	30	1160.0
2006	12	1	31	1900.0
2007	1	1	31	2090.0
2007	2	1	28	2020.0
2007	3	1	31	1400.0
2007	4	1	30	1880.0
2007	5	1	31	2900.0
2007	6	1	30	3290.0
2007	7	1	31	3330.0
2007	8	1	31	2790.0
2007	9	1	30	1850.0
2007	10	1	31	1280.0
2007	11	1	30	1610.0
2007	12	1	31	1980.0
2008	1	1	31	1910.0
2008	2	1	29	1420.0
2008	3	1	31	1340.0
2008	4	1	30	1140.0
2008	5	1	31	2240.0
2008	6	1	30	3020.0
2008	7	1	31	2620.0
2008	8	1	31	1890.0
2008	9	1	30	1520.0
2008	10	1	31	1170.0
2008	11	1	30	1270.0
2008	12	1	31	2180.0
2009	1	1	31	2080.0
2009	2	1	28	1730.0
2009	3	1	31	1230.0
2009	4	1	30	1050.0
2009	5	1	31	1620.0
2009	6	1	30	2380.0
2009	7	1	31	2340.0
2009	8	1	31	1570.0
2009	9	1	30	1490.0
2009	10	1	31	1140.0
2009	11	1	30	1510.0
2009	12	1	31	2250.0
2010	1	1	31	1520.0
2010	2	1	28	1190.0
2010	3	1	31	1270.0
2010	4	1	30	974.0
2010	5	1	31	1590.0
2010	6	1	30	2520.0
2010	7	1	31	2330.0
2010	8	1	31	1690.0
2010	9	1	30	1460.0
2010	10	1	31	1370.0
2010	11	1	30	1370.0
2010	12	1	31	1890.0
2011	1	1	31	2040.0
2011	2	1	28	2090.0
2011	3	1	31	1950.0
2011	4	1	30	1400.0
2011	5	1	31	2490.0
2011	6	1	30	3790.0
2011	7	1	31	3530.0
2011	8	1	31	2820.0
2011	9	1	30	1750.0
2011	10	1	31	1500.0
2011	11	1	30	1800.0
2011	12	1	31	2270.0
2012	1	1	31	2170.0
2012	2	1	29	1740.0
2012	3	1	31	1880.0
2012	4	1	30	1860.0
2012	5	1	31	2710.0
2012	6	1	30	4040.0
2012	7	1	31	5460.0
2012	8	1	31	3780.0
2012	9	1	30	2250.0
2012	10	1	31	1330.0
2012	11	1	30	1520.0
2012	12	1	31	2570.0
2013	1	1	31	2750.0
2013	2	1	28	1860.0
2013	3	1	31	1440.0
2013	4	1	30	1470.0
2013	5	1	31	2620.0
2013	6	1	30	3060.0
2013	7	1	31	3750.0
2013	8	1	31	2660.0
2013	9	1	30	1940.0
2013	10	1	31	1240.0
2013	11	1	30	1500.0
2013	12	1	31	2160.0
2014	1	1	31	1890.0
2014	2	1	28	1310.0
2014	3	1	31	1550.0
2014	4	1	30	1610.0
2014	5	1	31	2760.0
2014	6	1	30	2910.0
2014	7	1	31	3320.0
2014	8	1	31	2570.0
2014	9	1	30	1670.0
2014	10	1	31	1290.0
2014	11	1	30	1880.0
2014	12	1	31	2380.0
2015	1	1	31	2350.0
2015	2	1	28	1940.0
2015	3	1	31	1860.0
2015	4	1	30	1410.0
2015	5	1	31	2100.0
2015	6	1	30	3310.0
2015	7	1	31	2900.0
2015	8	1	31	2770.0
2015	9	1	30	2090.0
2015	10	1	31	1510.0
2015	11	1	30	1820.0
2015	12	1	31	1790.0
2016	1	1	31	1900.0
2016	2	1	29	1140.0
2016	3	1	31	1110.0
2016	4	1	30	1730.0
2016	5	1	31	2570.0
2016	6	1	30	2950.0
2016	7	1	31	2770.0
2016	8	1	31	2240.0
2016	9	1	30	1960.0
2016	10	1	31	1210.0
2016	11	1	30	1390.0
2016	12	1	31	2380.0
2017	1	1	31	3060.0
2017	2	1	28	1650.0
2017	3	1	31	1480.0
2017	4	1	30	2070.0
2017	5	1	31	3250.0
2017	6	1	30	3760.0
2017	7	1	31	2810.0
2017	8	1	31	2310.0
2017	9	1	30	2150.0
2017	10	1	31	965.0
2017	11	1	30	1270.0
2017	12	1	31	1960.0
2018	1	1	31	2420.0
2018	2	1	28	2340.0
2018	3	1	31	1630.0
2018	4	1	30	1170.0
2018	5	1	31	3610.0
2018	6	1	30	2990.0
2018	7	1	31	2690.0
2018	8	1	31	2500.0
2018	9	1	30	1770.0
2018	10	1	31	1220.0
2018	11	1	30	1520.0
2018	12	1	31	1880.0
2019	1	1	31	2020.0
2019	2	1	28	1820.0
2019	3	1	31	1530.0
2019	4	1	30	1000.0
2019	5	1	31	1810.0
2019	6	1	30	2300.0
2019	7	1	31	2320.0
2019	8	1	31	2110.0
2019	9	1	30	1380.0
2019	10	1	31	854.0
2019	11	1	30	1640.0
2019	12	1	31	2170.0
2020	1	1	31	1950.0
2020	2	1	29	1910.0
2020	3	1	31	1310.0
2020	4	1	30	1260.0
2020	5	1	31	2400.0
2020	6	1	30	3360.0
2020	7	1	31	3450.0
2020	8	1	31	2670.0
2020	9	1	30	2010.0
2020	10	1	31	1220.0
2020	11	1	30	1900.0
2020	12	1	31	2400.0