2000	1	1	31	344.0
2000	2	1	29	315.0
2000	3	1	31	308.0
2000	4	1	30	334.0
2000	5	1	31	1250.0
2000	6	1	30	2560.0
2000	7	1	31	2660.0
2000	8	1	31	2710.0
2000	9	1	30	2940.0
2000	10	1	31	2440.0
2000	11	1	30	1080.0
2000	12	1	31	726.0
2001	1	1	31	558.0
2001	2	1	28	471.0
2001	3	1	31	395.0
2001	4	1	30	436.0
2001	5	1	31	1120.0
2001	6	1	30	3510.0
2001	7	1	31	2850.0
2001	8	1	31	1950.0
2001	9	1	30	1630.0
2001	10	1	31	1190.0
2001	11	1	30	740.0
2001	12	1	31	562.0
2002	1	1	31	427.0
2002	2	1	28	361.0
2002	3	1	31	337.0
2002	4	1	30	330.0
2002	5	1	31	1580.0
2002	6	1	30	2240.0
2002	7	1	31	1680.0
2002	8	1	31	1840.0
2002	9	1	30	2160.0
2002	10	1	31	1310.0
2002	11	1	30	891.0
2002	12	1	31	654.0
2003	1	1	31	480.0
2003	2	1	28	380.0
2003	3	1	31	307.0
2003	4	1	30	359.0
2003	5	1	31	1060.0
2003	6	1	30	1940.0
2003	7	1	31	1870.0
2003	8	1	31	1370.0
2003	9	1	30	1210.0
2003	10	1	31	1150.0
2003	11	1	30	559.0
2003	12	1	31	514.0
2004	1	1	31	435.0
2004	2	1	29	369.0
2004	3	1	31	329.0
2004	4	1	30	375.0
2004	5	1	31	1860.0
2004	6	1	30	3290.0
2004	7	1	31	1970.0
2004	8	1	31	1470.0
2004	9	1	30	1310.0
2004	10	1	31	1220.0
2004	11	1	30	734.0
2004	12	1	31	786.0
2005	1	1	31	601.0
2005	2	1	28	480.0
2005	3	1	31	384.0
2005	4	1	30	502.0
2005	5	1	31	2830.0
2005	6	1	30	3210.0
2005	7	1	31	2310.0
2005	8	1	31	1850.0
2005	9	1	30	1830.0
2005	10	1	31	1460.0
2005	11	1	30	603.0
2005	12	1	31	589.0
2006	1	1	31	466.0
2006	2	1	28	406.0
2006	3	1	31	332.0
2006	4	1	30	316.0
2006	5	1	31	1240.0
2006	6	1	30	3130.0
2006	7	1	31	2430.0
2006	8	1	31	1790.0
2006	9	1	30	1680.0
2006	10	1	31	1390.0
2006	11	1	30	670.0
2006	12	1	31	461.0
2007	1	1	31	400.0
2007	2	1	28	369.0
2007	3	1	31	338.0
2007	4	1	30	334.0
2007	5	1	31	1350.0
2007	6	1	30	3130.0
2007	7	1	31	2650.0
2007	8	1	31	2240.0
2007	9	1	30	1810.0
2007	10	1	31	1510.0
2007	11	1	30	645.0
2007	12	1	31	375.0
2008	1	1	31	463.0
2008	2	1	29	409.0
2008	3	1	31	333.0
2008	4	1	30	414.0
2008	5	1	31	1890.0
2008	6	1	30	3040.0
2008	7	1	31	2870.0
2008	8	1	31	2170.0
2008	9	1	30	2400.0
2008	10	1	31	1720.0
2008	11	1	30	821.0
2008	12	1	31	686.0
2009	1	1	31	601.0
2009	2	1	28	510.0
2009	3	1	31	440.0
2009	4	1	30	406.0
2009	5	1	31	2360.0
2009	6	1	30	3560.0
2009	7	1	31	2150.0
2009	8	1	31	1490.0
2009	9	1	30	1570.0
2009	10	1	31	1480.0
2009	11	1	30	771.0
2009	12	1	31	448.0
2010	1	1	31	495.0
2010	2	1	28	425.0
2010	3	1	31	363.0
2010	4	1	30	506.0
2010	5	1	31	1390.0
2010	6	1	30	1880.0
2010	7	1	31	1910.0
2010	8	1	31	1340.0
2010	9	1	30	1260.0
2010	10	1	31	997.0
2010	11	1	30	636.0
2010	12	1	31	604.0
2011	1	1	31	483.0
2011	2	1	28	384.0
2011	3	1	31	321.0
2011	4	1	30	420.0
2011	5	1	31	1620.0
2011	6	1	30	2900.0
2011	7	1	31	2540.0
2011	8	1	31	2130.0
2011	9	1	30	1930.0
2011	10	1	31	1390.0
2011	11	1	30	654.0
2011	12	1	31	519.0
2012	1	1	31	459.0
2012	2	1	29	414.0
2012	3	1	31	378.0
2012	4	1	30	444.0
2012	5	1	31	1310.0
2012	6	1	30	3780.0
2012	7	1	31	3480.0
2012	8	1	31	2160.0
2012	9	1	30	1830.0
2012	10	1	31	1360.0
2012	11	1	30	602.0
2012	12	1	31	482.0
2013	1	1	31	462.0
2013	2	1	28	438.0
2013	3	1	31	381.0
2013	4	1	30	351.0
2013	5	1	31	1790.0
2013	6	1	30	4130.0
2013	7	1	31	2450.0
2013	8	1	31	1830.0
2013	9	1	30	1940.0
2013	10	1	31	1560.0
2013	11	1	30	663.0
2013	12	1	31	615.0
2014	1	1	31	611.0
2014	2	1	28	499.0
2014	3	1	31	393.0
2014	4	1	30	460.0
2014	5	1	31	2240.0
2014	6	1	30	2600.0
2014	7	1	31	2290.0
2014	8	1	31	1800.0
2014	9	1	30	1990.0
2014	10	1	31	1910.0
2014	11	1	30	1150.0
2014	12	1	31	903.0
2015	1	1	31	639.0
2015	2	1	28	513.0
2015	3	1	31	464.0
2015	4	1	30	484.0
2015	5	1	31	1810.0
2015	6	1	30	2470.0
2015	7	1	31	1920.0
2015	8	1	31	1760.0
2015	9	1	30	2360.0
2015	10	1	31	1850.0
2015	11	1	30	1150.0
2015	12	1	31	795.0
2016	1	1	31	660.0
2016	2	1	29	581.0
2016	3	1	31	526.0
2016	4	1	30	562.0
2016	5	1	31	1800.0
2016	6	1	30	2450.0
2016	7	1	31	1920.0
2016	8	1	31	1910.0
2016	9	1	30	1730.0
2016	10	1	31	1280.0
2016	11	1	30	539.0
2016	12	1	31	452.0
2017	1	1	31	455.0
2017	2	1	28	375.0
2017	3	1	31	336.0
2017	4	1	30	553.0
2017	5	1	31	1220.0
2017	6	1	30	2230.0
2017	7	1	31	2460.0
2017	8	1	31	2070.0
2017	9	1	30	1580.0
2017	10	1	31	1250.0
2017	11	1	30	575.0
2017	12	1	31	426.0
2018	1	1	31	395.0
2018	2	1	28	346.0
2018	3	1	31	321.0
2018	4	1	30	350.0
2018	5	1	31	1530.0
2018	6	1	30	2020.0
2018	7	1	31	1980.0
2018	8	1	31	1770.0
2018	9	1	30	1560.0
2018	10	1	31	874.0
2018	11	1	30	564.0
2018	12	1	31	491.0
2019	1	1	31	444.0
2019	2	1	28	402.0
2019	3	1	31	364.0
2019	4	1	30	358.0
2019	5	1	31	922.0
2019	6	1	30	1790.0
2019	7	1	31	1430.0
2019	8	1	31	1330.0
2019	9	1	30	1180.0
2019	10	1	31	1040.0
2019	11	1	30	611.0
2019	12	1	31	434.0